ctuid,name,english,french,mandarin,punjabi,cantonese,spanish,arabic,tagalog,italian,vietnamese,portuguese,urdu,other,population
9320001.00,9320001.00,65.1,0.4,0.0,26.2,0.0,0.4,0.0,0.0,0.0,0.2,0.0,0.0,7.7,2405
9320002.00,9320002.00,73.1,0.0,0.0,17.1,0.0,0.4,0.0,0.0,0.0,1.2,0.0,0.0,8.2,1225
9320003.00,9320003.00,57.2,0.1,0.1,31.4,0.0,0.4,0.6,0.4,0.0,0.4,0.0,0.4,9.0,7930
9320004.00,9320004.00,61.0,0.1,0.1,27.2,0.1,0.5,0.9,0.5,0.0,0.6,0.0,0.1,8.9,7455
9320005.01,9320005.01,69.8,0.1,0.9,19.4,0.3,0.5,0.5,0.1,0.0,0.4,0.0,0.1,7.9,3940
9320005.02,9320005.02,86.2,0.3,0.2,4.4,0.1,0.7,0.3,0.5,0.1,0.4,0.0,0.1,6.7,6850
9320006.00,9320006.00,75.2,0.3,0.5,10.4,0.2,1.0,0.6,0.7,0.0,0.2,0.1,0.2,10.6,7230
9320007.01,9320007.01,74.1,0.4,0.6,13.8,0.1,0.7,0.6,1.1,0.0,0.4,0.0,0.0,8.2,4130
9320007.02,9320007.02,76.5,0.3,0.3,13.0,0.3,0.5,0.3,0.6,0.0,0.3,0.0,0.2,7.7,5725
9320008.03,9320008.03,36.1,0.1,0.3,49.7,0.2,0.3,0.1,0.5,0.0,0.7,0.0,0.2,11.8,6405
9320008.04,9320008.04,31.4,0.1,0.2,56.3,0.0,0.1,0.0,0.1,0.0,0.3,0.0,0.1,11.4,6745
9320008.05,9320008.05,33.4,0.0,0.2,51.9,0.4,0.5,0.0,0.2,0.0,0.8,0.0,0.2,12.4,4815
9320008.06,9320008.06,47.8,0.0,0.3,40.2,0.4,0.4,0.4,0.3,0.0,1.2,0.0,0.0,9.0,3470
9320009.01,9320009.01,41.0,0.1,0.1,46.3,0.4,0.3,0.0,0.2,0.0,0.5,0.0,0.2,10.9,7130
9320009.02,9320009.02,68.4,0.0,0.3,21.9,0.3,0.4,0.6,0.3,0.0,0.6,0.0,0.2,7.0,5910
9320011.00,9320011.00,91.3,0.1,0.5,3.4,0.1,0.3,0.0,0.1,0.0,0.1,0.0,0.3,3.8,7365
9320012.01,9320012.01,92.0,0.0,0.3,2.3,0.1,0.2,0.2,0.2,0.0,0.3,0.0,0.0,4.4,5635
9320012.02,9320012.02,92.9,0.0,0.6,1.1,0.4,0.1,0.0,0.3,0.0,0.6,0.0,0.0,4.0,4485
9320013.01,9320013.01,100.0,0.0,0.0,0.0,0.0,0.0,0.0,0.0,0.0,0.0,0.0,0.0,0.0,115
9320013.02,9320013.02,79.7,0.3,0.3,14.1,0.3,0.0,0.0,0.1,0.0,0.1,0.0,0.3,4.8,3515
9320014.01,9320014.01,83.5,0.1,0.2,9.1,0.2,0.4,0.0,0.2,0.1,1.5,0.1,0.1,4.5,6740
9320014.02,9320014.02,60.3,0.0,0.1,26.5,0.2,0.4,0.3,0.7,0.0,2.6,0.0,0.2,8.7,5115
9320100.00,9320100.00,85.3,0.0,0.4,8.4,0.1,1.5,0.0,1.2,0.0,0.3,0.0,0.0,2.8,3375
9320101.00,9320101.00,81.4,0.2,0.9,9.7,0.2,1.0,0.3,0.2,0.0,0.3,0.0,0.2,5.6,2875
9320102.00,9320102.00,80.0,0.3,1.2,7.5,0.1,0.8,0.9,0.6,0.0,0.4,0.1,0.2,7.9,5385
9320103.00,9320103.00,89.3,0.5,0.0,1.3,0.0,0.5,0.3,0.3,0.0,0.3,0.0,0.0,7.5,1965
9320104.00,9320104.00,89.1,0.0,0.4,3.3,0.3,0.2,0.2,0.3,0.0,0.3,0.1,0.0,5.8,5335
9320105.00,9320105.00,87.4,0.1,0.9,4.9,0.6,0.3,0.2,0.2,0.0,0.4,0.0,0.2,4.8,4525
9320106.03,9320106.03,97.9,0.0,0.0,0.0,0.0,0.0,0.0,0.0,0.0,0.0,0.0,0.0,2.1,235
9320106.04,9320106.04,85.1,0.2,1.7,4.4,0.6,0.2,0.1,0.1,0.0,0.5,0.1,0.4,6.6,4705
9320106.05,9320106.05,87.7,0.0,0.6,3.6,0.2,0.4,0.0,0.1,0.0,0.4,0.0,0.4,6.6,4185
9320106.06,9320106.06,90.5,0.3,0.9,2.1,0.0,0.5,0.3,0.0,0.0,0.0,0.0,0.4,5.0,4980
9320200.00,9320200.00,93.3,0.4,0.1,2.2,0.0,0.4,0.3,0.1,0.1,0.1,0.0,0.0,3.0,3905
9320201.01,9320201.01,89.9,0.1,0.0,4.7,0.2,0.2,0.0,0.2,0.0,0.2,0.0,0.1,4.4,4760
9320201.02,9320201.02,90.5,0.1,0.2,4.1,0.1,0.2,0.1,0.4,0.0,0.2,0.0,0.0,4.1,4460
9320202.00,9320202.00,87.6,0.2,0.2,6.9,0.1,0.4,0.3,0.3,0.0,0.2,0.0,0.3,3.5,7875
9320203.00,9320203.00,86.5,0.0,0.0,7.5,0.0,0.5,0.0,0.0,0.0,0.2,0.0,0.0,5.3,3070
9320204.00,9320204.00,91.7,0.1,0.0,3.3,0.0,0.3,0.0,0.3,0.0,0.4,0.0,0.0,3.9,3790
9320205.00,9320205.00,82.6,0.0,0.1,11.3,0.1,0.2,0.0,0.1,0.0,0.3,0.0,0.1,5.2,8295
9320206.01,9320206.01,95.2,0.2,0.7,0.4,0.5,0.0,0.0,0.0,0.0,0.4,0.0,0.0,2.6,2825
9320206.02,9320206.02,98.5,0.0,0.0,0.0,0.0,1.5,0.0,0.0,0.0,0.0,0.0,0.0,0.0,330
9320207.00,9320207.00,94.9,0.0,0.2,1.5,0.2,0.0,0.0,0.0,0.0,0.5,0.0,0.0,2.7,2055
5680001.01,5680001.01,92.0,0.4,0.8,0.2,0.1,0.6,0.1,0.1,0.1,0.1,0.5,0.2,4.8,7855
5680001.02,5680001.02,92.6,0.4,0.2,0.2,0.2,1.1,0.2,0.1,0.1,0.1,0.5,0.5,3.8,6100
5680001.04,5680001.04,86.3,0.5,0.7,0.4,0.1,1.7,0.3,0.2,0.2,0.2,0.6,0.6,8.2,6205
5680001.05,5680001.05,85.1,0.7,0.7,0.9,0.1,1.1,0.2,0.5,0.4,0.3,0.5,0.8,8.7,4965
5680001.06,5680001.06,94.7,1.2,0.0,0.0,0.0,0.0,0.0,0.0,0.0,0.0,0.0,0.0,4.1,845
5680001.07,5680001.07,85.2,0.4,1.4,0.5,0.2,1.0,0.4,0.2,0.1,0.3,0.4,0.6,9.3,8195
5680002.00,5680002.00,92.8,0.8,0.4,0.0,0.0,1.1,0.0,0.0,0.0,0.0,0.0,0.0,4.9,1325
5680003.00,5680003.00,84.1,1.1,0.8,0.4,0.0,1.9,0.4,0.6,0.4,0.0,0.2,1.3,8.8,2365
5680004.01,5680004.01,90.3,0.9,0.3,0.3,0.0,0.6,0.1,0.2,0.4,0.2,0.5,0.1,6.1,4780
5680004.03,5680004.03,88.8,1.0,0.3,0.0,0.0,1.5,0.3,0.5,0.1,0.1,0.8,0.4,6.2,3670
5680004.04,5680004.04,89.3,0.4,0.6,0.2,0.2,1.1,0.3,0.7,0.1,0.1,0.5,0.3,6.2,5965
5680004.05,5680004.05,89.8,0.7,0.4,0.2,0.0,0.9,0.2,0.2,0.2,0.2,0.2,0.2,6.8,6350
5680004.06,5680004.06,85.8,0.7,0.6,0.6,0.2,0.9,0.2,0.3,0.3,0.2,0.6,0.5,9.1,6280
5680004.07,5680004.07,88.1,0.3,0.6,0.1,0.3,1.4,0.0,0.3,0.3,0.3,0.6,0.3,7.4,3535
5680005.00,5680005.00,93.9,0.4,0.0,0.1,0.0,0.7,0.1,0.3,0.1,0.1,0.2,0.1,4.0,6845
5680006.00,5680006.00,94.2,0.9,0.1,0.0,0.1,0.7,0.0,0.0,0.2,0.0,0.5,0.0,3.3,4105
5680007.00,5680007.00,94.0,0.4,0.0,0.3,0.0,0.6,0.7,0.3,0.1,0.0,0.3,0.0,3.3,3515
5680008.00,5680008.00,91.1,0.8,0.3,0.5,0.1,0.6,0.2,0.1,0.0,0.3,0.6,0.3,5.1,5945
5680009.00,5680009.00,92.2,0.2,0.2,0.4,0.0,1.1,0.1,0.2,0.1,0.0,0.2,0.4,4.9,6060
5680010.00,5680010.00,92.3,0.5,0.0,0.5,0.2,0.9,0.2,0.2,0.2,0.1,0.4,0.5,4.0,4025
5680011.01,5680011.01,90.8,0.6,0.3,0.2,0.2,0.8,0.3,0.3,0.1,0.1,0.7,0.7,4.9,7235
5680011.02,5680011.02,92.0,0.4,0.2,0.7,0.0,1.5,0.7,0.0,0.0,0.0,0.0,0.7,3.8,2300
5680012.01,5680012.01,88.0,0.6,0.8,0.3,0.3,1.3,0.2,0.2,0.2,0.3,0.5,1.0,6.3,3135
5680012.02,5680012.02,90.7,0.6,0.8,0.5,0.2,0.8,0.4,0.3,0.0,0.2,0.1,0.5,4.9,5990
5680013.00,5680013.00,94.5,0.5,0.1,0.3,0.0,0.3,0.3,0.1,0.1,0.2,0.2,0.4,3.0,6575
5680014.00,5680014.00,95.7,0.3,0.1,0.1,0.0,0.2,0.0,0.0,0.2,0.0,0.2,0.2,3.0,5005
5680015.01,5680015.01,81.1,0.6,1.7,2.2,0.2,1.3,0.1,0.0,0.0,0.1,0.4,0.5,11.8,4100
5680015.02,5680015.02,88.6,0.2,1.3,1.5,0.0,0.6,0.4,0.0,0.0,0.4,0.0,0.0,7.0,2315
5680015.03,5680015.03,86.2,0.3,1.9,2.6,0.1,0.5,0.0,0.0,0.1,0.6,0.1,0.6,7.0,3885
5680016.00,5680016.00,90.3,0.5,0.5,0.7,0.3,0.4,0.1,0.0,0.3,0.2,0.2,0.3,6.2,5555
5680100.00,5680100.00,89.8,0.3,0.3,0.1,0.1,1.2,0.0,0.0,0.3,0.0,0.4,0.3,7.2,5525
5680101.00,5680101.00,90.8,0.2,0.2,0.7,0.1,0.5,0.1,0.0,0.3,0.1,1.0,0.2,5.8,5620
5680102.01,5680102.01,92.0,1.0,0.2,0.0,0.3,0.7,0.0,0.0,0.2,0.2,0.2,0.0,5.2,3075
5680102.02,5680102.02,88.7,0.0,0.0,0.0,0.0,1.6,0.0,0.0,0.0,0.0,0.0,0.0,9.7,310
5680102.03,5680102.03,97.0,0.2,0.2,0.0,0.0,0.2,0.0,0.0,0.2,0.0,0.0,0.0,2.2,2625
5680102.04,5680102.04,83.2,0.5,0.5,0.0,0.0,0.5,0.0,0.0,0.0,0.0,0.5,2.2,12.6,925
5680103.03,5680103.03,88.8,0.7,0.0,0.0,0.0,0.7,0.7,0.0,0.7,0.0,1.4,0.0,7.0,715
5680103.04,5680103.04,85.5,0.2,0.3,0.3,0.0,1.5,0.3,0.2,0.3,0.2,1.2,0.2,9.8,3305
5680103.05,5680103.05,93.2,0.1,0.0,0.0,0.0,0.2,0.0,0.0,0.1,0.0,0.7,0.0,5.7,4145
5680103.06,5680103.06,83.9,0.1,0.4,0.3,0.1,2.4,0.2,0.0,0.8,0.2,1.2,0.4,10.0,6875
5680103.07,5680103.07,83.6,0.0,0.9,0.3,0.1,1.2,0.0,0.1,1.3,0.3,1.2,0.0,11.0,3865
5680103.08,5680103.08,93.8,0.4,0.0,0.0,0.1,0.3,0.0,0.0,0.3,0.1,0.3,0.0,4.7,3700
5680104.00,5680104.00,96.1,0.3,0.0,0.0,0.0,0.6,0.0,0.0,0.1,0.0,0.3,0.0,2.6,3860
5680200.00,5680200.00,97.2,0.6,0.3,0.0,0.0,0.0,0.0,0.0,0.0,0.0,0.0,0.0,1.9,5120
5680201.00,5680201.00,92.3,0.6,0.7,0.3,0.1,0.4,0.1,0.2,0.2,0.2,0.2,0.2,4.5,8360
5680202.01,5680202.01,97.7,0.5,0.0,0.0,0.0,0.1,0.0,0.0,0.0,0.0,0.1,0.0,1.6,5530
5680202.02,5680202.02,98.7,0.4,0.0,0.0,0.0,0.0,0.0,0.0,0.0,0.0,0.0,0.0,0.9,2610
5220001.00,5220001.00,94.9,0.7,0.0,0.0,0.7,0.0,0.0,0.0,0.0,0.0,0.0,0.4,3.3,1365
5220002.00,5220002.00,96.4,0.2,0.0,0.0,0.2,0.6,0.0,0.2,0.0,0.0,0.0,0.0,2.4,3090
5220003.00,5220003.00,96.7,0.2,0.0,0.0,0.0,0.0,0.4,0.0,0.0,0.0,0.2,0.0,2.5,2255
5220004.00,5220004.00,97.0,0.2,0.0,0.2,0.0,0.2,0.0,0.1,0.0,0.0,0.0,0.0,2.3,4285
5220005.00,5220005.00,95.4,0.4,0.0,0.0,0.0,0.0,0.0,0.0,0.0,0.0,0.0,0.0,4.2,1310
5220006.00,5220006.00,94.9,0.4,0.2,0.8,0.0,0.3,0.0,0.0,0.0,0.0,0.0,0.0,3.4,5870
5220007.00,5220007.00,91.6,0.5,0.2,0.7,0.1,0.3,0.5,0.1,0.1,0.2,0.2,0.1,5.4,7155
5220008.00,5220008.00,97.6,0.2,0.0,0.2,0.0,0.3,0.0,0.0,0.2,0.0,0.2,0.0,1.3,3270
5220009.00,5220009.00,94.2,0.2,0.6,0.0,0.2,0.6,0.0,0.2,0.0,0.0,0.0,0.2,3.8,2345
5220011.00,5220011.00,94.8,0.6,0.0,0.4,0.0,0.1,0.0,0.4,0.1,0.0,0.2,0.1,3.3,4000
5220012.00,5220012.00,93.1,0.6,0.3,0.8,0.1,0.4,0.1,0.5,0.0,0.2,0.2,0.0,3.7,7100
5220015.00,5220015.00,100.0,0.0,0.0,0.0,0.0,0.0,0.0,0.0,0.0,0.0,0.0,0.0,0.0,75
5220200.00,5220200.00,98.5,0.2,0.2,0.0,0.0,0.0,0.0,0.0,0.0,0.0,0.0,0.0,1.1,2350
5220201.00,5220201.00,91.4,1.1,0.3,0.5,0.1,0.3,0.2,0.2,0.0,0.4,0.1,0.8,4.6,6595
5220202.00,5220202.00,98.4,0.6,0.0,0.0,0.0,0.0,0.0,0.0,0.0,0.0,0.0,0.0,1.0,3140
5220300.00,5220300.00,95.1,1.3,0.2,0.1,0.2,0.1,0.0,0.0,0.0,0.0,0.1,0.0,2.9,4200
5220301.00,5220301.00,84.7,11.9,0.0,0.0,0.0,0.6,0.0,0.0,0.0,0.0,0.0,0.0,2.8,1635
5220302.00,5220302.00,95.8,2.1,0.1,0.1,0.1,0.0,0.0,0.0,0.1,0.0,0.0,0.0,1.7,4590
5220303.00,5220303.00,97.8,1.0,0.1,0.0,0.0,0.0,0.0,0.0,0.0,0.0,0.0,0.0,1.1,3845
5220304.00,5220304.00,97.0,1.7,0.0,0.0,0.0,0.0,0.0,0.0,0.0,0.0,0.1,0.0,1.2,4775
5220400.00,5220400.00,97.4,1.0,0.4,0.0,0.0,0.0,0.0,0.0,0.0,0.0,0.0,0.0,1.2,2490
5220401.00,5220401.00,97.2,1.2,0.0,0.0,0.1,0.2,0.0,0.0,0.0,0.1,0.0,0.0,1.2,4870
5220402.00,5220402.00,98.0,0.0,0.0,0.0,0.0,0.0,0.0,0.0,0.0,0.0,0.0,0.0,2.0,255
5220403.00,5220403.00,93.7,2.3,0.2,0.2,0.1,0.2,0.0,0.0,0.0,0.0,0.0,0.0,3.3,4100
5220404.00,5220404.00,96.3,2.0,0.0,0.0,0.2,0.0,0.0,0.0,0.0,0.0,0.0,0.0,1.5,2040
5220406.00,5220406.00,94.3,3.0,0.1,0.0,0.1,0.0,0.0,0.0,0.1,0.2,0.0,0.0,2.2,4265
5220500.00,5220500.00,95.6,1.5,0.3,0.0,0.2,0.1,0.0,0.0,0.2,0.0,0.0,0.0,2.1,5875
5220501.00,5220501.00,97.6,0.9,0.0,0.0,0.0,0.2,0.0,0.0,0.0,0.0,0.0,0.0,1.3,3310
5220600.00,5220600.00,98.6,0.7,0.0,0.0,0.0,0.0,0.0,0.0,0.0,0.0,0.0,0.0,0.7,4535
5220700.00,5220700.00,96.8,0.4,0.0,0.0,0.0,0.1,0.0,0.0,0.0,0.0,0.0,0.2,2.5,4950
5430001.00,5430001.00,97.2,0.1,0.0,0.1,0.0,0.4,0.0,0.1,0.1,0.0,0.1,0.0,1.9,6860
5430002.01,5430002.01,94.0,0.1,0.1,0.3,0.0,0.4,0.0,0.4,0.0,0.2,0.1,0.0,4.4,5620
5430002.02,5430002.02,88.9,0.3,0.3,0.6,0.0,0.3,0.6,0.3,0.2,0.9,0.6,0.3,6.7,3255
5430002.04,5430002.04,85.0,0.8,0.8,2.0,0.0,0.8,0.5,0.2,0.1,0.2,0.5,1.2,7.9,6470
5430002.05,5430002.05,63.5,0.4,0.4,15.6,0.0,1.0,0.6,0.2,0.0,0.2,0.6,2.1,15.4,5335
5430002.06,5430002.06,93.9,0.0,0.6,0.0,0.0,0.0,0.0,0.0,0.0,0.0,0.0,0.6,4.9,820
5430003.00,5430003.00,96.1,0.2,0.2,0.3,0.0,0.1,0.0,0.0,0.2,0.0,0.0,0.2,2.7,5235
5430004.00,5430004.00,96.8,0.5,0.0,0.0,0.0,0.0,0.0,0.0,0.5,0.0,0.0,0.0,2.2,935
5430005.00,5430005.00,94.8,0.0,0.2,0.9,0.1,0.4,0.0,0.1,0.1,0.5,0.0,0.0,2.9,4000
5430006.00,5430006.00,87.0,0.0,0.8,3.0,0.3,0.5,0.0,0.8,0.0,0.0,0.3,0.3,7.0,1850
5430007.00,5430007.00,93.4,0.3,0.0,0.7,0.0,0.3,0.0,0.3,0.1,0.3,0.3,0.0,4.3,3415
5430008.00,5430008.00,95.5,0.2,0.0,0.7,0.0,0.3,0.5,0.5,0.3,0.3,0.0,0.3,1.4,3005
5430009.00,5430009.00,93.0,0.2,0.4,0.5,0.1,0.3,0.2,0.3,0.6,0.3,0.2,0.1,3.8,5290
5430010.00,5430010.00,93.6,0.2,0.2,0.3,0.1,0.5,0.2,0.5,0.2,0.8,0.2,0.0,3.2,4735
5430011.01,5430011.01,76.3,0.1,0.5,8.5,0.2,0.5,0.5,0.2,0.1,2.4,0.0,0.7,10.0,4295
5430011.02,5430011.02,88.4,0.2,0.0,1.5,0.1,1.0,0.4,0.5,0.1,0.5,0.2,0.5,6.6,4000
5430011.03,5430011.03,92.7,0.1,0.0,0.6,0.1,0.4,0.2,0.6,0.1,0.8,0.2,0.2,4.0,4535
5430012.00,5430012.00,95.8,0.2,0.2,0.3,0.0,0.2,0.0,0.3,0.2,0.1,0.2,0.3,2.2,6290
5430013.00,5430013.00,97.3,0.1,0.0,0.0,0.1,0.3,0.0,0.1,0.2,0.1,0.1,0.0,1.7,4815
5430014.01,5430014.01,93.6,0.2,0.1,0.4,0.3,0.2,0.1,0.2,0.2,1.0,0.3,0.1,3.3,5420
5430014.02,5430014.02,93.6,0.3,0.1,0.3,0.2,0.4,0.2,0.2,0.6,0.7,0.2,0.0,3.2,6790
5430014.03,5430014.03,90.6,0.2,0.2,0.5,0.3,0.2,1.1,0.6,0.6,1.0,0.3,0.0,4.4,5755
5430014.04,5430014.04,94.3,0.0,0.1,0.4,0.0,0.5,0.0,0.1,0.6,0.2,0.2,0.3,3.3,4730
5430100.00,5430100.00,94.3,0.1,0.0,1.1,0.0,0.2,0.1,0.0,0.1,0.0,0.2,0.4,3.5,4285
5430101.00,5430101.00,94.6,0.3,0.3,0.8,0.2,0.2,0.0,0.0,0.0,0.0,0.3,0.3,3.0,2985
5430102.00,5430102.00,98.2,0.0,0.0,0.0,0.0,0.0,0.0,0.0,0.0,0.0,0.0,0.0,1.8,285
5430110.01,5430110.01,98.7,0.1,0.0,0.0,0.0,0.2,0.0,0.0,0.0,0.0,0.0,0.2,0.8,5950
5430110.02,5430110.02,95.4,0.1,0.1,0.7,0.0,0.1,0.4,0.0,0.0,0.0,0.2,0.4,2.6,6915
5430200.00,5430200.00,97.3,0.3,0.3,0.3,0.0,0.3,0.0,0.0,0.0,0.0,0.0,0.0,1.5,1820
5430201.00,5430201.00,94.3,0.1,0.3,1.3,0.0,0.2,0.2,0.1,0.1,0.1,0.2,0.3,2.8,9270
5430202.00,5430202.00,97.9,0.1,0.1,0.0,0.0,0.1,0.0,0.0,0.0,0.0,0.3,0.0,1.5,7770
8250001.01,8250001.01,87.2,0.5,2.0,0.1,0.6,1.2,0.2,0.9,0.0,0.0,0.1,0.0,7.2,4995
8250001.02,8250001.02,94.2,0.6,0.6,0.0,0.9,0.7,0.1,0.1,0.0,0.0,0.0,0.0,2.8,6250
8250001.03,8250001.03,96.3,0.2,0.0,0.0,1.2,0.5,0.0,0.2,0.0,0.0,0.0,0.0,1.6,2045
8250001.04,8250001.04,89.5,0.5,0.4,0.2,0.6,1.1,0.4,1.7,0.0,0.2,0.0,0.0,5.4,5545
8250001.05,8250001.05,96.1,0.5,0.0,0.0,1.2,0.4,0.0,0.2,0.0,0.0,0.0,0.2,1.4,2845
8250001.06,8250001.06,97.1,0.1,0.4,0.0,0.3,0.3,0.0,0.0,0.0,0.0,0.0,0.0,1.8,3640
8250001.07,8250001.07,89.4,0.3,0.2,0.1,0.3,1.1,0.5,1.1,0.0,0.3,0.0,0.2,6.5,5705
8250001.08,8250001.08,89.2,0.2,0.6,0.0,0.3,1.5,0.2,0.7,0.0,0.0,0.3,0.4,6.6,4840
8250001.09,8250001.09,84.4,0.6,2.1,0.1,0.7,0.9,0.6,0.6,0.0,0.0,0.1,0.2,9.7,5835
8250001.10,8250001.10,93.1,0.2,0.0,0.0,0.4,0.7,0.2,1.1,0.0,0.0,0.0,0.0,4.3,2670
8250001.11,8250001.11,85.0,0.3,1.0,0.0,0.9,2.1,0.4,2.3,0.0,0.0,0.0,0.2,7.8,4565
8250001.13,8250001.13,84.8,0.1,2.0,0.0,1.2,1.1,0.8,0.8,0.0,0.0,0.0,0.0,9.2,4475
8250001.14,8250001.14,88.0,0.4,1.6,0.0,0.8,1.2,0.4,0.2,0.0,0.0,0.0,0.2,7.2,2450
8250001.17,8250001.17,87.8,0.2,1.6,0.1,1.5,0.6,0.4,0.4,0.0,0.1,0.0,0.1,7.2,4275
8250001.22,8250001.22,90.8,0.4,0.9,0.1,1.0,0.7,0.4,0.6,0.0,0.2,0.2,0.0,4.7,4080
8250001.23,8250001.23,92.7,0.2,1.5,0.0,0.6,1.0,0.0,0.2,0.0,0.0,0.0,0.0,3.8,3085
8250001.25,8250001.25,73.5,0.2,3.2,0.4,0.6,2.3,0.6,3.9,0.0,0.2,0.5,0.1,14.5,6660
8250001.28,8250001.28,72.6,0.6,2.4,0.0,0.6,1.7,1.1,7.1,0.0,0.1,0.2,0.2,13.4,4155
8250001.29,8250001.29,74.2,0.6,2.8,0.3,1.1,1.2,0.3,3.7,0.0,0.2,0.0,0.0,15.6,4450
8250001.30,8250001.30,68.7,0.4,4.4,0.0,0.9,1.6,0.5,5.4,0.0,0.2,0.5,0.2,17.2,6245
8250001.32,8250001.32,88.9,0.1,1.2,0.4,0.4,1.1,0.3,0.7,0.0,0.0,0.1,0.5,6.3,5585
8250001.33,8250001.33,92.6,0.2,1.3,0.0,0.3,0.8,0.2,0.3,0.0,0.0,0.0,0.3,4.0,3040
8250001.35,8250001.35,62.7,0.4,2.3,0.2,0.5,3.2,0.8,8.4,0.0,0.2,0.4,0.5,20.4,4585
8250001.37,8250001.37,68.6,0.3,1.5,0.1,0.5,2.9,1.2,6.5,0.0,0.4,0.6,0.6,16.8,4665
8250001.38,8250001.38,65.2,0.2,1.2,0.2,0.2,1.3,0.4,9.7,0.0,0.2,0.4,0.5,20.5,5640
8250001.39,8250001.39,66.4,0.1,1.2,0.3,0.3,2.1,0.7,8.8,0.0,0.1,0.5,0.7,18.8,6910
8250001.40,8250001.40,65.9,0.7,3.2,0.0,0.5,3.2,0.7,8.1,0.0,0.2,0.7,0.0,16.8,2170
8250001.41,8250001.41,65.2,1.1,6.8,1.1,1.5,3.3,0.7,2.4,0.0,0.4,0.4,1.1,16.0,2730
8250001.42,8250001.42,66.0,0.3,4.3,0.4,0.5,3.8,0.4,5.0,0.1,0.0,0.6,0.6,18.0,6935
8250001.43,8250001.43,62.1,0.1,6.7,0.4,0.9,3.3,0.9,3.8,0.0,0.2,0.7,0.5,20.4,5035
8250001.44,8250001.44,65.0,0.4,7.3,0.8,0.9,2.8,0.8,3.4,0.0,0.8,0.4,0.8,16.6,2660
8250001.45,8250001.45,84.4,0.9,0.6,0.6,0.4,1.5,0.8,1.7,0.0,0.1,0.1,0.5,8.4,3900
8250001.46,8250001.46,71.1,0.2,2.2,0.7,0.8,2.5,0.1,4.7,0.1,0.3,0.2,0.5,16.6,4800
8250001.47,8250001.47,71.4,0.3,0.6,0.9,0.7,4.0,0.4,5.0,0.0,0.0,0.1,0.4,16.2,3390
8250001.48,8250001.48,73.3,0.8,1.0,0.5,0.4,3.8,0.4,4.3,0.1,0.1,0.2,0.5,14.6,7975
8250001.49,8250001.49,81.1,0.2,4.3,0.2,0.9,0.3,0.6,0.5,0.0,0.1,0.2,0.1,11.5,4295
8250001.50,8250001.50,75.2,0.2,6.7,0.2,1.2,1.0,0.5,1.0,0.0,0.0,0.5,0.2,13.3,2020
8250002.02,8250002.02,71.1,0.4,0.1,0.6,0.8,1.6,0.8,5.9,0.0,7.2,0.0,0.2,11.3,7230
8250002.04,8250002.04,85.3,0.0,0.0,2.0,0.0,0.0,0.7,0.7,0.0,0.0,0.0,0.0,11.3,750
8250002.06,8250002.06,89.4,0.3,0.9,0.4,1.0,0.4,0.0,0.5,0.0,0.7,0.0,0.3,6.1,3830
8250002.07,8250002.07,89.2,0.3,0.5,0.6,0.6,0.6,0.0,1.3,0.1,0.9,0.0,0.2,5.7,4680
8250002.08,8250002.08,81.4,0.3,0.3,1.7,0.9,0.8,0.1,3.9,0.0,1.1,0.0,0.0,9.5,4350
8250002.09,8250002.09,88.4,0.3,0.6,0.6,0.4,1.5,0.4,1.8,0.0,0.3,0.0,0.0,5.7,3625
8250002.10,8250002.10,90.9,0.5,0.4,0.0,0.2,1.2,0.9,0.0,0.0,0.8,0.0,0.2,4.9,4000
8250002.11,8250002.11,92.8,0.1,0.7,0.3,0.3,0.5,0.3,0.3,0.0,0.1,0.1,0.1,4.4,3775
8250002.12,8250002.12,89.2,0.5,1.1,0.5,1.1,0.5,0.0,1.3,0.0,0.0,0.0,0.0,5.8,1890
8250002.14,8250002.14,84.5,0.5,0.8,1.4,0.7,0.6,0.2,1.8,0.0,0.7,0.3,0.5,8.0,4785
8250002.15,8250002.15,85.8,0.7,0.4,0.6,1.1,1.3,0.6,1.9,0.0,0.8,0.1,0.2,6.5,4270
8250002.17,8250002.17,90.3,0.7,0.2,0.2,0.0,0.7,0.0,1.1,0.0,0.2,0.0,0.0,6.6,2275
8250002.18,8250002.18,87.7,0.5,0.7,0.2,0.3,1.4,0.3,1.3,0.0,0.2,0.3,0.5,6.6,6690
8250002.22,8250002.22,83.7,0.6,1.4,0.4,0.4,1.5,0.4,2.5,0.0,0.2,0.0,0.6,8.3,5060
8250002.24,8250002.24,77.1,0.3,0.8,0.4,0.3,2.2,0.5,6.1,0.0,0.0,0.3,0.5,11.5,3930
8250002.25,8250002.25,87.2,1.0,0.2,0.3,0.1,1.1,0.2,2.2,0.0,0.1,0.1,0.4,7.1,4610
8250002.26,8250002.26,73.4,0.3,1.4,2.6,0.3,1.9,0.8,3.6,0.0,0.4,0.3,0.8,14.2,3595
8250002.27,8250002.27,79.8,0.7,0.6,1.7,0.9,0.6,0.5,2.5,0.0,0.9,0.0,0.7,11.1,4215
8250002.28,8250002.28,77.4,0.5,0.5,1.0,0.2,2.4,0.8,4.3,0.0,0.4,0.2,0.7,11.6,5235
8250002.29,8250002.29,81.3,0.3,0.8,0.6,0.3,2.7,0.3,2.9,0.0,0.7,0.1,0.2,9.8,4465
8250002.30,8250002.30,81.9,0.8,0.6,0.8,0.1,1.3,0.4,3.3,0.0,1.0,0.1,1.0,8.7,5100
8250002.31,8250002.31,76.0,0.3,0.3,1.5,0.6,1.8,0.5,3.9,0.0,0.6,0.2,0.9,13.4,4380
8250002.32,8250002.32,86.7,0.3,0.4,0.1,0.3,1.3,0.0,1.4,0.0,0.7,0.6,0.3,7.9,3495
8250002.33,8250002.33,82.5,0.2,1.7,1.0,0.7,1.0,1.0,0.5,0.0,0.3,1.0,0.9,9.2,2935
8250002.34,8250002.34,85.7,0.2,3.2,0.7,0.6,1.3,0.3,0.6,0.0,0.6,0.1,0.5,6.2,5010
8250002.35,8250002.35,76.7,0.4,1.5,1.0,0.4,3.4,0.7,3.4,0.1,0.1,0.7,0.1,11.5,3405
8250002.36,8250002.36,81.3,0.8,0.9,0.6,0.2,2.0,0.5,2.4,0.0,0.0,0.9,0.2,10.2,3285
8250002.37,8250002.37,84.5,0.2,0.5,0.8,0.2,2.4,0.6,1.5,0.0,0.0,0.2,0.3,8.8,3315
8250002.38,8250002.38,78.6,0.5,1.2,0.6,0.3,3.0,0.7,2.4,0.0,0.3,0.4,0.4,11.6,14060
8250002.39,8250002.39,81.3,0.2,2.6,0.5,0.4,1.0,0.5,1.7,0.0,0.3,0.2,0.7,10.6,6660
8250002.40,8250002.40,82.3,0.4,1.4,0.7,0.4,2.2,0.5,2.3,0.0,0.2,0.1,0.5,9.0,9200
8250003.00,8250003.00,95.1,0.5,0.2,0.0,0.5,0.2,0.2,0.6,0.0,0.3,0.2,0.0,2.2,3295
8250004.00,8250004.00,93.0,1.0,0.2,0.0,0.3,0.5,0.0,1.1,0.0,0.2,0.0,0.0,3.7,3090
8250005.00,8250005.00,80.9,0.5,0.7,0.2,0.2,1.7,0.5,4.1,0.0,0.5,0.0,0.2,10.5,2095
8250006.00,8250006.00,81.8,0.8,0.7,0.0,0.3,1.3,0.2,4.7,0.0,0.2,0.1,0.0,9.9,6070
8250007.01,8250007.01,87.8,0.5,0.7,0.0,0.2,1.4,0.5,1.2,0.0,0.1,0.2,0.1,7.3,5700
8250007.02,8250007.02,85.3,0.4,0.5,0.1,0.4,1.9,0.6,1.5,0.1,0.1,0.0,0.0,9.1,5935
8250007.03,8250007.03,91.5,0.5,1.2,0.0,0.6,0.5,0.2,0.3,0.1,0.0,0.0,0.2,4.9,5620
8250007.05,8250007.05,94.0,0.0,2.2,0.0,0.7,0.0,0.0,0.0,0.0,0.0,0.0,0.0,3.1,670
8250007.06,8250007.06,88.4,0.6,2.4,0.0,0.3,0.6,0.3,0.7,0.0,0.0,0.4,0.0,6.3,3400
8250007.07,8250007.07,84.8,0.4,3.9,0.7,1.1,0.0,0.0,0.0,0.0,0.4,0.0,0.0,8.7,1410
8250008.00,8250008.00,94.0,0.4,0.7,0.0,0.0,0.2,0.2,1.1,0.2,0.0,0.0,0.0,3.2,2845
8250009.00,8250009.00,86.2,0.6,1.2,0.0,0.2,1.4,0.6,2.4,0.0,0.4,0.2,0.0,6.8,2500
8250010.00,8250010.00,78.1,0.5,0.4,0.1,0.5,2.6,1.1,3.1,0.0,0.2,0.2,0.2,13.0,7000
8250011.00,8250011.00,92.6,0.2,0.3,0.0,0.6,0.6,0.0,1.3,0.2,0.0,0.0,0.3,3.9,3170
8250012.00,8250012.00,83.2,0.6,0.4,0.0,0.4,0.9,0.5,4.0,0.0,0.0,0.1,0.1,9.8,3910
8250013.00,8250013.00,77.0,0.4,1.1,0.1,0.8,1.0,0.8,5.0,0.1,0.1,0.1,0.1,13.4,4665
8250014.00,8250014.00,91.3,1.0,0.6,0.1,0.3,1.0,0.0,1.2,0.0,0.2,0.0,0.1,4.2,4710
8250015.00,8250015.00,93.9,0.4,0.3,0.0,0.4,0.3,0.1,0.3,0.1,0.0,0.1,0.6,3.5,3540
8250016.00,8250016.00,94.2,0.7,0.4,0.0,0.2,0.3,0.1,0.2,0.0,0.0,0.0,0.0,3.9,4545
8250017.01,8250017.01,82.9,0.4,0.5,0.1,0.4,1.3,1.5,2.4,0.0,0.1,0.4,0.1,9.9,5085
8250017.03,8250017.03,84.2,1.0,0.4,0.0,0.3,1.0,2.0,1.4,0.0,0.3,0.3,0.6,8.5,3480
8250017.04,8250017.04,79.4,0.8,1.9,0.0,1.3,1.2,1.3,1.7,0.1,0.2,0.3,0.2,11.6,4510
8250017.05,8250017.05,74.0,0.4,4.5,0.1,2.3,0.3,1.4,1.3,0.1,0.7,0.3,0.4,14.2,3540
8250017.06,8250017.06,75.7,0.4,4.3,0.2,2.8,0.7,1.1,0.7,0.1,0.6,0.1,0.8,12.5,5090
8250018.01,8250018.01,87.1,0.2,0.7,0.0,0.3,0.8,1.5,2.0,0.0,0.0,0.0,0.0,7.4,2950
8250018.02,8250018.02,87.9,0.5,0.2,0.0,0.2,0.9,0.5,0.5,0.0,0.0,0.0,1.7,7.6,2115
8250019.00,8250019.00,84.9,0.5,0.2,0.1,0.1,1.2,1.5,2.2,0.0,0.0,0.2,0.3,8.8,5035
8250020.00,8250020.00,85.8,0.8,0.7,0.2,0.4,1.2,1.5,1.5,0.3,0.0,0.0,0.0,7.6,5165
8250021.01,8250021.01,86.8,0.9,0.5,0.0,0.4,0.9,0.5,1.3,0.0,0.2,0.4,0.0,8.1,2770
8250021.02,8250021.02,89.7,1.3,1.0,0.0,0.5,2.1,0.5,0.3,0.0,0.0,0.3,0.0,4.3,1940
8250022.01,8250022.01,88.7,2.2,1.0,0.0,0.3,1.3,0.3,0.2,0.0,0.0,0.0,0.0,6.0,4670
8250022.02,8250022.02,87.1,0.7,0.7,0.0,0.5,1.7,1.0,0.0,0.0,0.0,0.0,0.0,8.3,2995
8250023.00,8250023.00,94.1,1.0,0.4,0.0,0.2,0.7,0.0,0.0,0.1,0.1,0.0,0.0,3.4,5230
8250024.00,8250024.00,91.0,1.3,0.3,0.2,0.2,1.0,0.4,0.3,0.1,0.1,0.1,0.0,5.0,7125
8250025.00,8250025.00,90.9,0.7,0.4,0.0,0.5,0.9,0.2,0.6,0.0,0.0,0.1,0.1,5.6,5325
8250026.00,8250026.00,84.5,0.7,0.4,0.0,0.3,0.9,0.6,0.4,0.0,0.0,0.0,0.0,12.2,3395
8250027.01,8250027.01,86.3,0.5,0.5,0.0,0.2,1.1,0.5,1.5,0.0,0.3,0.3,0.8,8.0,3060
8250027.02,8250027.02,92.6,0.3,0.6,0.0,0.9,0.0,0.0,0.3,0.0,0.0,0.0,0.0,5.3,1760
8250027.03,8250027.03,87.3,1.4,1.1,0.0,0.6,1.1,0.8,1.7,0.0,0.0,0.0,0.0,6.0,1775
8250028.00,8250028.00,96.7,0.4,0.5,0.0,0.2,0.2,0.1,0.1,0.1,0.2,0.0,0.0,1.5,4035
8250029.00,8250029.00,83.5,0.7,1.3,0.1,0.8,1.8,0.7,2.0,0.0,0.0,0.3,0.1,8.7,7075
8250030.00,8250030.00,86.5,0.4,0.8,0.2,0.5,1.1,0.6,0.8,0.2,0.1,0.1,0.1,8.6,4740
8250031.01,8250031.01,79.6,0.7,1.9,0.1,0.9,2.3,0.7,1.8,0.1,0.1,0.9,0.2,10.7,5195
8250031.02,8250031.02,89.5,0.7,1.0,0.1,0.3,1.2,0.3,0.1,0.1,0.0,0.2,0.0,6.5,4485
8250032.00,8250032.00,95.0,0.7,0.0,0.0,0.0,0.5,0.0,0.0,0.2,0.0,0.0,0.2,3.4,2210
8250033.01,8250033.01,90.4,0.6,0.2,0.3,0.3,1.1,0.5,1.1,0.0,0.0,0.2,0.0,5.3,3170
8250033.02,8250033.02,90.6,0.4,0.1,0.3,0.2,0.7,0.3,2.0,0.0,0.1,0.0,0.2,5.1,5310
8250034.00,8250034.00,94.3,0.7,0.0,0.0,0.2,0.6,0.1,0.0,0.0,0.2,0.4,0.1,3.4,4225
8250035.01,8250035.01,80.7,0.4,0.2,0.3,0.3,1.1,1.4,2.1,0.0,3.3,0.1,0.1,10.0,6900
8250035.02,8250035.02,87.7,1.2,0.0,0.0,0.6,1.2,0.9,0.6,0.0,1.8,0.9,0.0,5.1,1670
8250036.01,8250036.01,81.5,0.6,0.3,0.4,0.3,1.0,1.0,3.0,0.0,2.7,0.1,0.3,8.8,3545
8250036.02,8250036.02,77.0,0.7,0.1,0.0,0.7,0.7,2.2,2.8,0.0,5.3,0.3,0.0,10.2,3365
8250037.00,8250037.00,73.4,0.2,0.1,0.5,0.5,1.2,3.1,2.6,0.0,4.4,0.1,0.0,13.9,4085
8250038.02,8250038.02,71.1,0.5,0.0,0.4,1.4,1.0,6.2,2.9,0.0,2.8,0.0,0.5,13.2,3810
8250038.03,8250038.03,60.7,0.2,0.4,0.1,2.0,1.1,3.8,4.9,0.0,3.7,0.1,0.8,22.2,4195
8250038.04,8250038.04,64.5,0.6,0.3,0.3,2.1,2.2,2.3,7.0,0.1,5.5,0.1,0.3,14.7,5985
8250038.05,8250038.05,66.6,0.5,0.0,0.5,2.6,2.0,2.5,4.3,0.0,7.0,0.1,0.2,13.7,4730
8250038.06,8250038.06,75.3,0.4,0.2,0.3,1.1,1.8,2.7,4.1,0.0,2.6,0.1,0.4,11.0,6540
8250038.07,8250038.07,70.0,0.3,0.1,0.4,1.2,1.3,5.5,4.5,0.0,2.2,0.1,0.2,14.2,4550
8250038.08,8250038.08,59.2,0.2,0.5,0.2,2.9,1.6,2.8,7.0,0.0,3.5,0.0,0.1,22.0,4720
8250038.10,8250038.10,61.8,0.5,0.3,4.3,2.9,1.6,5.7,2.9,0.3,2.3,0.1,0.7,16.6,5360
8250038.11,8250038.11,56.4,0.6,0.5,2.6,2.3,1.2,4.6,7.0,0.1,1.4,0.0,1.3,22.0,5190
8250038.12,8250038.12,67.3,0.5,0.2,2.2,1.7,2.1,4.5,2.6,0.2,1.4,0.2,2.1,15.0,5060
8250038.13,8250038.13,57.9,0.3,0.5,8.6,1.6,1.0,4.1,2.3,0.1,1.3,0.1,2.4,19.8,5245
8250038.14,8250038.14,66.4,0.4,0.1,3.9,1.2,1.7,4.4,2.9,0.0,2.2,0.2,1.2,15.4,5630
8250038.15,8250038.15,54.8,0.3,0.3,6.8,2.5,1.2,2.4,4.9,0.1,1.3,0.3,2.1,23.0,5840
8250038.17,8250038.17,64.2,0.5,0.2,8.0,0.2,2.3,1.4,3.4,0.0,0.7,0.0,2.2,16.9,6035
8250038.18,8250038.18,54.4,0.2,0.1,14.6,0.7,1.6,0.8,4.4,0.0,0.3,0.1,4.0,18.8,6125
8250038.20,8250038.20,57.2,0.2,0.4,1.0,1.7,1.0,1.5,7.9,0.0,11.7,0.1,0.6,16.7,6825
8250038.21,8250038.21,74.3,0.2,0.1,1.1,1.8,1.4,2.6,3.6,0.0,5.1,0.3,0.3,9.2,5275
8250038.22,8250038.22,51.9,0.2,0.3,14.6,4.5,0.8,2.1,1.9,0.0,6.9,0.2,1.1,15.5,4550
8250038.23,8250038.23,66.8,0.5,0.1,2.0,1.0,1.4,4.5,2.9,0.1,2.1,0.0,1.4,17.2,5000
8250038.24,8250038.24,48.7,0.3,0.3,9.2,2.6,2.1,1.0,6.6,0.0,6.0,0.1,2.1,21.0,5715
8250038.25,8250038.25,67.1,0.3,0.3,5.6,1.6,1.5,3.4,3.0,0.0,2.2,0.1,1.7,13.2,4900
8250038.27,8250038.27,43.2,0.1,0.2,27.0,1.7,0.5,0.6,2.4,0.0,3.8,0.0,3.1,17.4,5715
8250038.28,8250038.28,54.4,0.5,0.0,9.7,0.8,2.6,1.8,4.2,0.0,0.5,0.0,3.2,22.3,4180
8250038.30,8250038.30,43.1,0.6,0.1,25.7,0.4,1.4,0.5,5.0,0.0,0.3,0.0,2.7,20.2,5410
8250038.35,8250038.35,31.8,0.3,0.1,31.4,0.2,0.6,0.7,3.3,0.0,0.4,0.0,7.1,24.1,10040
8250038.36,8250038.36,38.5,0.4,0.2,26.6,0.5,1.3,0.3,5.0,0.0,0.2,0.0,3.6,23.4,12965
8250038.37,8250038.37,55.2,0.6,0.5,9.5,0.5,2.0,0.8,5.3,0.0,0.3,0.2,2.8,22.3,6650
8250038.38,8250038.38,47.7,0.6,0.1,18.8,0.2,1.7,0.6,3.9,0.0,0.7,0.0,4.2,21.5,7355
8250038.39,8250038.39,30.7,0.1,0.0,37.4,0.5,0.5,0.0,2.6,0.0,0.5,0.0,9.5,18.2,3650
8250038.40,8250038.40,29.9,0.1,0.0,34.5,0.1,0.7,0.3,3.9,0.0,0.2,0.0,6.6,23.7,4670
8250038.41,8250038.41,31.2,0.0,0.0,35.4,0.1,0.4,0.3,3.8,0.0,0.0,0.0,6.5,22.3,3860
8250038.42,8250038.42,34.1,0.0,0.0,32.4,1.0,1.0,0.4,4.2,0.0,1.4,0.0,4.9,20.6,3670
8250038.43,8250038.43,34.6,0.0,0.3,29.1,0.2,0.9,0.3,5.6,0.0,0.5,0.0,5.5,23.0,4970
8250038.44,8250038.44,33.8,0.6,0.0,25.0,0.0,1.1,0.7,2.9,0.0,0.5,0.0,10.6,24.8,4275
8250038.45,8250038.45,44.4,0.2,0.0,22.8,0.2,1.1,0.5,3.9,0.0,0.4,0.0,4.9,21.6,4275
8250038.46,8250038.46,38.5,0.2,0.0,21.4,0.2,1.0,0.6,3.6,0.0,0.6,0.0,9.3,24.6,4185
8250038.47,8250038.47,36.5,0.1,0.2,31.3,0.3,1.6,0.6,3.3,0.0,0.9,0.1,6.3,18.8,4980
8250038.48,8250038.48,41.1,0.2,0.1,24.9,0.7,1.2,0.9,3.6,0.0,0.6,0.0,3.3,23.4,4535
8250038.49,8250038.49,36.1,0.3,0.0,33.6,0.7,0.9,0.9,3.1,0.0,0.8,0.0,3.7,19.9,4520
8250039.00,8250039.00,69.0,0.1,0.6,0.1,0.7,2.1,1.7,5.0,0.0,2.3,0.1,0.6,17.7,6740
8250040.00,8250040.00,82.5,0.8,0.1,0.3,0.7,0.9,1.7,1.1,0.6,0.4,0.3,0.5,10.1,5930
8250041.00,8250041.00,86.8,0.5,0.8,0.2,1.3,1.1,1.0,0.4,0.4,0.3,0.2,0.1,6.9,6605
8250042.01,8250042.01,71.6,0.5,3.6,0.2,8.0,1.2,1.4,1.2,0.1,0.6,0.5,1.1,10.0,4665
8250042.02,8250042.02,85.2,1.0,2.0,0.0,1.0,1.0,0.5,0.0,0.0,0.5,0.5,0.0,8.3,980
8250043.00,8250043.00,65.8,0.5,4.1,0.4,5.1,2.6,0.9,1.4,0.1,0.4,0.3,0.3,18.1,7450
8250044.00,8250044.00,83.3,0.7,1.0,0.2,0.4,1.9,1.0,0.8,0.1,0.2,0.5,0.2,9.7,9265
8250045.01,8250045.01,72.0,0.3,0.9,0.0,0.3,2.4,1.9,0.7,0.0,0.0,0.4,0.3,20.8,3470
8250045.02,8250045.02,78.3,0.6,1.7,0.1,0.6,1.7,1.0,0.7,0.0,0.0,1.0,0.2,14.1,6255
8250046.01,8250046.01,65.3,0.5,2.1,0.3,2.0,1.8,1.8,1.9,0.1,0.2,0.8,1.0,22.2,7330
8250046.02,8250046.02,83.4,0.2,2.4,0.3,0.3,1.0,0.5,0.5,0.1,0.1,0.3,0.1,10.8,4580
8250047.00,8250047.00,75.5,0.3,0.9,0.0,0.7,1.2,2.6,3.8,0.4,0.2,0.4,0.4,13.6,5280
8250048.00,8250048.00,80.6,0.6,0.8,0.0,0.9,0.9,2.8,0.4,0.1,0.1,0.2,0.9,11.7,6105
8250049.01,8250049.01,89.8,0.6,0.2,0.0,0.2,0.7,1.2,1.0,0.0,0.0,0.1,0.0,6.2,4165
8250049.04,8250049.04,86.6,0.6,0.4,0.0,1.2,1.0,0.3,1.0,0.1,0.0,0.1,0.4,8.3,3385
8250049.05,8250049.05,80.1,0.2,2.2,0.6,1.8,1.7,1.1,0.7,0.0,0.1,0.2,0.4,10.9,4170
8250049.06,8250049.06,87.2,0.2,1.3,0.4,0.7,0.6,1.2,0.5,0.0,0.0,0.1,0.2,7.6,4260
8250049.07,8250049.07,82.8,1.0,2.8,0.3,1.3,0.3,1.3,0.0,0.0,0.0,0.0,0.8,9.4,1975
8250050.01,8250050.01,90.8,0.5,0.0,0.1,0.3,0.5,0.3,1.6,0.0,0.1,0.3,0.3,5.2,3855
8250050.07,8250050.07,93.5,0.3,0.2,0.0,0.2,0.5,0.0,0.6,0.0,0.0,0.0,0.0,4.7,3095
8250050.10,8250050.10,78.2,0.6,3.8,0.3,0.6,2.5,0.7,0.5,0.0,0.2,0.4,0.4,11.8,8060
8250050.12,8250050.12,77.7,0.8,4.7,0.5,1.1,1.1,0.5,0.2,0.0,0.2,0.1,0.3,12.8,6605
8250050.13,8250050.13,69.6,0.6,4.7,0.0,1.5,3.0,1.1,0.6,0.0,0.5,0.0,0.8,17.6,3310
8250050.14,8250050.14,86.4,0.5,2.2,0.0,0.9,0.9,0.2,0.1,0.0,0.0,0.1,0.2,8.5,4255
8250050.15,8250050.15,83.9,0.3,2.2,0.6,1.1,2.0,0.7,0.3,0.0,0.4,0.0,0.1,8.4,3575
8250050.16,8250050.16,72.6,0.4,5.8,0.3,1.1,2.6,0.8,0.6,0.0,0.4,0.0,0.5,14.9,5565
8250050.17,8250050.17,87.1,0.3,1.2,0.5,0.5,0.7,0.6,0.7,0.0,0.0,0.1,0.7,7.6,5430
8250050.18,8250050.18,83.4,0.6,0.9,0.9,1.5,1.5,0.6,0.4,0.0,0.2,0.0,0.9,9.1,2350
8250050.19,8250050.19,75.3,1.2,2.6,0.6,1.1,3.0,1.1,0.8,0.0,0.3,0.1,0.4,13.5,7035
8250050.20,8250050.20,84.6,0.0,0.0,0.0,7.7,0.0,0.0,0.0,0.0,0.0,0.0,7.7,0.0,65
8250050.21,8250050.21,78.8,0.0,4.3,0.2,1.1,0.6,0.2,0.2,0.0,0.6,0.4,1.1,12.5,2335
8250050.22,8250050.22,80.2,0.4,4.3,0.7,1.1,1.6,1.1,0.1,0.1,0.1,0.0,0.2,10.1,4035
8250051.00,8250051.00,92.5,0.4,0.3,0.1,0.1,0.2,0.3,1.3,0.0,0.1,0.0,0.0,4.7,5010
8250052.01,8250052.01,90.7,0.5,0.4,0.1,0.1,0.5,0.9,0.5,0.0,0.0,0.3,0.0,6.0,3865
8250052.02,8250052.02,93.6,0.0,0.4,0.0,0.4,0.8,0.0,0.4,0.3,0.0,0.0,0.0,4.1,3540
8250052.03,8250052.03,89.0,0.1,2.2,0.3,1.7,0.1,0.0,0.7,0.3,0.0,0.0,0.0,5.6,3625
8250052.04,8250052.04,81.4,0.4,3.0,0.3,2.4,1.0,0.7,0.7,0.2,0.2,0.2,0.3,9.2,4455
8250052.06,8250052.06,89.5,0.5,2.4,0.0,1.0,0.3,0.4,0.1,0.0,0.3,0.0,0.1,5.4,3900
8250052.07,8250052.07,81.6,0.3,3.0,0.0,2.2,1.1,0.6,0.5,0.0,0.4,0.1,0.6,9.6,3950
8250052.09,8250052.09,83.4,0.6,2.1,0.1,0.7,1.2,0.4,0.8,0.0,0.0,0.2,0.7,9.8,6045
8250052.10,8250052.10,79.9,0.4,3.5,0.3,0.7,2.0,0.6,0.6,0.0,0.1,0.3,1.1,10.5,4805
8250052.11,8250052.11,86.9,0.7,1.6,0.3,0.6,0.6,0.6,0.4,0.0,0.3,0.2,0.3,7.5,5090
8250052.12,8250052.12,87.5,0.5,1.9,0.4,0.5,1.2,0.1,0.4,0.1,0.0,0.1,0.1,7.2,4050
8250053.00,8250053.00,89.0,0.8,0.6,0.3,0.2,0.8,0.4,0.5,0.1,0.1,0.3,0.3,6.6,5570
8250054.00,8250054.00,91.2,0.6,1.0,0.1,0.8,0.9,0.1,0.5,0.1,0.0,0.0,0.1,4.6,3865
8250055.00,8250055.00,90.6,0.0,1.4,0.9,0.9,0.7,0.2,0.4,0.0,0.0,0.2,0.0,4.7,2770
8250056.00,8250056.00,93.0,0.4,1.0,0.2,0.5,0.5,0.2,0.2,0.0,0.0,0.2,0.0,3.8,5730
8250057.00,8250057.00,90.9,0.3,1.0,0.0,1.0,0.9,0.3,0.5,0.1,0.0,0.2,0.0,4.8,5740
8250058.00,8250058.00,90.7,0.7,1.0,0.1,1.3,1.0,0.4,0.2,0.0,0.2,0.1,0.2,4.1,6605
8250059.00,8250059.00,85.0,0.5,1.6,0.1,2.7,1.1,0.7,0.5,0.2,0.3,0.1,0.1,7.1,6735
8250060.00,8250060.00,90.7,0.6,0.3,0.3,0.9,0.7,0.6,0.6,0.4,0.1,0.1,0.2,4.5,5075
8250061.00,8250061.00,76.8,0.7,0.5,0.7,0.7,1.0,2.0,1.0,0.3,0.7,0.0,1.0,14.6,3020
8250062.00,8250062.00,82.4,0.6,1.5,0.3,4.1,1.2,0.6,1.1,0.3,0.3,0.2,0.1,7.3,5445
8250063.00,8250063.00,88.4,0.6,1.3,0.4,1.7,0.9,0.1,0.3,0.1,0.1,0.1,0.1,5.9,4795
8250064.00,8250064.00,85.1,0.3,2.1,0.2,0.7,1.7,0.7,0.7,0.2,0.5,0.2,0.2,7.4,6055
8250065.00,8250065.00,81.5,0.3,4.6,0.3,1.7,1.7,0.3,1.2,0.0,0.1,0.1,0.3,7.9,3835
8250066.02,8250066.02,77.7,0.7,3.5,0.0,1.5,1.5,1.2,1.0,0.0,0.2,0.3,0.4,12.0,5325
8250066.03,8250066.03,72.5,0.5,2.7,0.2,1.0,1.7,3.2,0.9,0.0,0.0,0.2,1.1,16.0,4030
8250066.04,8250066.04,97.1,1.5,0.0,0.0,0.0,0.0,1.5,0.0,0.0,0.0,0.0,0.0,0.0,340
8250067.00,8250067.00,72.3,0.3,9.9,0.5,2.3,0.6,1.2,0.6,0.3,0.5,0.0,0.3,11.2,3290
8250068.00,8250068.00,89.1,0.7,2.2,0.0,1.8,0.4,0.2,0.2,0.0,0.2,0.0,0.2,5.0,2750
8250069.00,8250069.00,91.4,0.2,0.2,0.0,1.1,1.1,0.5,0.5,0.0,0.2,0.0,0.0,4.8,2205
8250070.00,8250070.00,87.8,0.2,1.3,0.0,1.1,1.5,0.4,0.2,0.2,0.0,0.4,0.0,6.9,2335
8250071.00,8250071.00,91.7,0.5,0.3,0.3,0.3,0.8,0.5,0.6,0.2,0.0,0.2,0.5,4.1,3140
8250072.00,8250072.00,84.7,0.6,1.6,0.3,2.9,1.2,0.8,0.7,0.2,0.0,0.0,0.1,6.9,6190
8250073.00,8250073.00,80.0,0.4,0.2,0.4,3.8,2.5,0.6,1.5,0.4,0.2,0.0,0.2,9.8,2380
8250074.00,8250074.00,91.3,0.3,0.4,0.4,1.2,1.0,1.0,0.1,0.1,0.4,0.0,0.0,3.8,3460
8250075.01,8250075.01,76.5,0.2,1.8,0.5,6.8,0.7,1.5,2.2,0.3,0.7,0.0,0.3,8.5,3015
8250075.02,8250075.02,75.8,0.4,2.6,0.0,3.2,2.0,2.4,1.5,0.1,0.0,0.0,0.7,11.3,4250
8250076.01,8250076.01,78.1,0.2,3.8,0.0,5.6,1.3,2.2,0.7,1.1,0.4,0.0,0.2,6.4,2785
8250076.02,8250076.02,74.0,0.5,2.1,0.0,4.8,1.6,1.9,2.1,0.2,0.2,0.0,0.3,12.3,3120
8250076.03,8250076.03,88.8,0.5,0.6,0.0,2.0,0.9,0.6,0.2,0.5,0.2,0.0,0.2,5.5,4330
8250076.04,8250076.04,80.4,0.5,2.0,0.0,3.8,1.4,1.2,1.3,0.3,0.1,0.0,0.1,8.9,3905
8250076.05,8250076.05,79.8,1.1,2.3,0.0,2.9,2.9,2.5,1.1,0.3,0.3,0.0,0.3,6.5,3250
8250076.06,8250076.06,76.5,0.6,1.7,0.3,5.6,1.4,1.7,1.5,0.3,0.3,0.1,0.5,9.5,4380
8250076.09,8250076.09,75.2,0.3,2.5,0.4,7.7,2.2,1.4,1.3,0.4,0.1,0.1,0.3,8.1,4795
8250076.13,8250076.13,75.0,0.4,2.7,1.4,4.6,1.9,1.1,1.6,0.1,0.7,0.3,0.6,9.6,7720
8250076.14,8250076.14,67.3,0.2,3.2,0.4,15.1,1.0,1.4,0.8,0.4,0.7,0.0,0.2,9.3,5810
8250076.15,8250076.15,78.0,0.7,1.6,0.0,5.1,1.4,1.9,0.9,0.2,0.5,0.0,0.5,9.2,2155
8250076.19,8250076.19,62.7,0.0,5.4,3.6,8.6,0.6,1.8,0.9,0.3,1.8,0.0,1.2,13.1,3315
8250076.20,8250076.20,70.7,0.1,4.2,0.5,8.4,1.6,0.8,3.2,0.1,0.8,0.3,0.3,9.0,3700
8250076.23,8250076.23,71.4,0.6,1.5,1.7,3.1,1.8,1.1,3.1,0.1,1.0,0.0,1.4,13.2,4625
8250076.24,8250076.24,75.0,0.6,1.6,1.3,2.8,1.8,0.6,3.5,0.0,0.7,0.1,0.7,11.3,5495
8250076.25,8250076.25,68.8,0.5,4.4,3.1,5.2,0.9,0.9,1.9,0.0,0.3,0.0,1.2,12.8,3850
8250076.26,8250076.26,68.9,0.5,2.9,1.2,3.0,1.9,0.6,3.1,0.0,0.3,0.1,0.9,16.6,7335
8250076.27,8250076.27,75.0,0.0,2.0,1.3,2.9,1.6,1.2,1.2,0.1,0.8,0.0,2.4,11.5,4305
8250076.28,8250076.28,72.8,0.1,3.1,1.8,3.1,1.9,0.9,2.4,0.0,0.8,0.0,0.9,12.2,3710
8250076.29,8250076.29,57.7,0.3,4.3,4.5,4.8,1.7,0.5,3.6,0.0,0.3,0.2,3.1,19.0,2920
8250076.30,8250076.30,62.2,0.3,4.8,2.8,7.4,1.9,0.8,1.9,0.0,0.2,0.1,2.8,14.8,7250
8250076.31,8250076.31,59.3,0.4,7.0,2.9,9.1,1.4,1.0,1.7,0.2,0.9,0.1,1.5,14.5,6905
8250076.32,8250076.32,59.3,0.1,5.4,4.8,9.3,1.6,0.9,2.1,0.0,1.9,0.0,2.7,11.9,3855
8250076.33,8250076.33,59.8,0.5,6.2,2.5,9.4,1.2,1.6,2.4,0.0,0.8,0.4,1.9,13.3,4165
8250076.34,8250076.34,70.8,0.0,4.4,0.8,5.8,1.4,1.0,2.3,0.1,1.4,0.0,0.6,11.4,3530
8250076.35,8250076.35,75.3,0.2,4.5,0.9,5.0,1.4,0.9,2.0,0.0,0.5,0.1,0.5,8.7,4335
8250076.37,8250076.37,70.4,0.5,1.8,2.2,2.8,1.3,1.0,3.9,0.1,0.4,0.0,1.8,13.8,4850
8250076.38,8250076.38,67.9,0.6,2.9,1.4,5.0,1.4,0.8,4.1,0.0,0.4,0.0,1.0,14.5,2415
8250076.39,8250076.39,73.0,0.4,2.4,0.4,4.0,2.6,0.6,2.8,0.2,0.0,0.2,1.4,12.0,2480
8250077.01,8250077.01,82.5,0.4,3.5,0.4,2.5,1.0,0.4,0.4,0.2,0.0,0.4,0.2,8.1,2425
8250077.02,8250077.02,72.6,0.5,5.2,0.2,1.9,1.4,1.3,2.1,0.1,0.4,0.3,0.8,13.2,5535
8250077.03,8250077.03,82.4,0.5,4.2,0.5,2.4,0.2,0.2,0.3,0.2,0.3,0.0,0.5,8.3,3065
8250077.04,8250077.04,79.9,0.5,1.2,0.2,0.8,1.8,1.7,1.9,0.0,0.0,0.3,0.8,10.9,5075
8250077.06,8250077.06,73.9,0.5,7.5,0.2,3.6,1.0,0.6,0.4,0.1,0.1,0.1,1.0,11.0,4210
8250077.13,8250077.13,76.9,0.6,6.6,0.3,3.3,0.8,0.8,0.0,0.0,0.5,0.0,0.8,9.4,3310
8250077.14,8250077.14,72.2,0.3,7.0,0.7,3.4,0.9,0.8,0.7,0.4,0.1,0.0,1.3,12.2,3720
8250077.16,8250077.16,61.7,0.2,12.7,1.1,9.0,0.6,0.7,0.2,0.2,0.7,0.0,1.4,11.5,6145
8250077.17,8250077.17,67.1,0.3,10.2,0.8,4.7,1.2,1.4,0.6,0.1,0.1,0.3,1.1,12.1,5000
8250077.19,8250077.19,81.7,0.3,2.1,0.3,3.7,0.7,1.2,0.6,0.2,0.2,0.0,0.4,8.6,4710
8250077.20,8250077.20,79.8,0.2,2.3,0.4,3.6,0.8,0.8,1.5,0.2,0.5,0.0,0.7,9.2,5165
8250077.21,8250077.21,74.7,0.3,3.6,0.3,2.3,1.9,1.2,1.1,0.1,0.1,0.3,0.5,13.6,5430
8250077.22,8250077.22,74.1,0.3,5.5,0.1,3.5,0.9,1.0,0.8,0.4,0.2,0.2,0.5,12.5,5015
8250077.23,8250077.23,72.0,0.5,2.2,0.4,2.0,1.6,1.3,1.9,0.0,0.4,0.6,0.5,16.6,5660
8250077.24,8250077.24,74.5,0.4,3.2,0.4,2.8,2.0,1.2,1.5,0.0,0.7,0.2,1.0,12.1,4530
8250077.25,8250077.25,73.3,0.4,5.4,0.9,1.4,1.5,0.6,1.4,0.0,0.3,0.2,1.4,13.2,5870
8250077.26,8250077.26,70.3,0.4,5.4,0.6,1.8,2.2,1.1,1.1,0.2,0.4,0.1,1.9,14.5,5705
8250077.27,8250077.27,78.8,0.4,2.9,0.2,1.2,1.8,0.9,0.5,0.0,0.2,0.5,1.3,11.3,4240
8250077.28,8250077.28,78.7,0.4,3.2,1.2,1.1,2.2,0.2,0.4,0.1,0.4,0.2,1.4,10.5,4060
8250077.30,8250077.30,70.1,0.3,3.2,2.5,4.4,1.0,1.1,1.5,0.1,0.5,0.0,1.6,13.7,5495
8250077.31,8250077.31,61.4,0.0,11.3,1.5,10.4,0.2,0.8,0.2,0.2,0.5,0.2,1.1,12.2,3275
8250077.32,8250077.32,51.8,0.2,11.4,2.1,11.9,0.5,1.5,0.5,0.1,1.1,0.0,1.8,17.1,4070
8250077.33,8250077.33,61.9,0.2,5.3,2.9,5.5,1.1,0.5,1.3,0.0,0.7,0.0,2.9,17.7,2745
8250077.34,8250077.34,63.7,0.6,2.8,2.7,3.0,2.5,0.9,0.6,0.0,0.4,0.0,3.4,19.4,3375
8250077.35,8250077.35,67.0,0.5,3.5,2.7,4.1,1.1,1.9,1.4,0.0,0.5,0.0,1.6,15.7,1835
8250077.36,8250077.36,70.4,0.3,1.9,0.7,2.5,2.7,0.9,1.3,0.0,0.1,0.0,2.1,17.1,3375
8250077.37,8250077.37,75.9,0.8,1.9,1.1,2.3,2.2,1.0,2.1,0.0,0.3,0.1,1.4,10.9,4580
8250077.38,8250077.38,71.5,0.7,2.5,1.3,2.8,2.1,1.0,2.5,0.0,0.3,0.4,1.2,13.7,3390
8250077.39,8250077.39,60.4,0.2,4.3,2.6,4.6,1.8,1.2,1.0,0.0,0.4,0.2,4.2,19.1,5395
8250077.40,8250077.40,80.0,0.0,3.5,0.9,2.8,0.5,0.7,0.5,0.0,0.0,0.0,0.9,10.2,2145
8250077.41,8250077.41,86.5,0.2,0.4,0.0,0.7,1.3,0.4,1.1,0.2,0.0,0.2,0.4,8.6,2290
8250200.03,8250200.03,97.3,0.2,0.0,0.0,0.0,0.0,0.0,0.4,0.0,0.0,0.0,0.0,2.1,2425
8250200.05,8250200.05,92.8,0.5,0.7,1.3,0.4,0.3,0.1,0.0,0.0,0.0,0.0,0.1,3.8,5035
8250200.06,8250200.06,94.2,0.3,0.8,0.4,0.1,0.4,0.2,0.0,0.0,0.0,0.0,0.0,3.6,5085
8250201.01,8250201.01,89.5,0.3,1.6,1.1,0.6,0.4,0.1,0.1,0.1,0.1,0.0,0.8,5.3,7435
8250201.02,8250201.02,97.4,0.5,0.0,0.1,0.0,0.0,0.0,0.0,0.0,0.0,0.0,0.0,2.0,4220
8250202.01,8250202.01,58.6,0.6,4.1,4.1,6.1,1.5,0.9,3.6,0.0,0.9,0.0,2.0,17.6,3915
8250202.02,8250202.02,93.0,0.0,0.0,1.9,0.0,0.0,0.0,0.0,0.0,0.0,0.0,0.0,5.1,785
8250202.03,8250202.03,97.1,0.3,0.0,0.3,0.0,0.3,0.0,0.6,0.0,0.0,0.0,0.0,1.4,3600
8250202.04,8250202.04,93.2,0.4,0.2,2.3,0.2,0.2,0.4,0.4,0.2,0.0,0.0,0.2,2.3,2805
8250203.00,8250203.00,93.4,0.4,0.1,0.0,0.0,0.6,0.0,0.0,0.0,0.0,0.0,0.0,5.5,4010
8250204.01,8250204.01,96.8,0.1,0.0,0.6,0.0,0.4,0.0,0.1,0.1,0.1,0.1,0.0,1.7,6725
8250204.03,8250204.03,73.8,0.2,0.1,14.8,0.1,0.5,0.6,0.2,0.1,0.3,0.3,1.2,7.8,5050
8250204.06,8250204.06,70.3,0.3,0.2,16.1,0.0,0.6,0.6,0.5,0.0,0.5,0.0,0.6,10.3,3270
8250204.07,8250204.07,79.6,0.0,0.0,7.2,0.6,0.3,0.9,1.3,0.0,0.9,0.0,2.2,7.0,1595
8250204.08,8250204.08,85.9,0.0,0.3,3.5,0.0,1.0,0.3,1.6,0.0,1.6,0.0,1.0,4.8,1555
8250204.09,8250204.09,84.7,0.1,0.3,3.9,0.3,0.4,0.5,0.9,0.0,2.0,0.2,0.5,6.2,6245
8250204.10,8250204.10,61.5,0.0,0.0,14.1,0.0,2.6,1.3,3.8,0.0,0.0,0.0,2.6,14.1,390
8250204.12,8250204.12,75.6,0.2,0.3,8.8,0.6,0.5,0.7,0.9,0.1,3.3,0.2,0.9,7.9,5295
8250204.13,8250204.13,68.1,0.1,0.4,13.2,0.4,1.0,0.8,1.0,0.0,1.4,0.0,1.4,12.2,3820
8250205.02,8250205.02,94.9,0.9,0.0,0.8,0.0,0.2,0.0,1.2,0.2,0.0,0.0,0.0,1.8,3315
8250205.04,8250205.04,91.5,1.2,0.0,0.6,0.0,0.9,0.0,0.7,0.0,0.0,0.0,0.0,5.1,4005
8250205.05,8250205.05,95.1,0.4,0.0,0.0,0.0,0.3,0.0,1.3,0.0,0.0,0.0,0.1,2.8,3355
8250205.06,8250205.06,97.2,0.7,0.3,0.0,0.0,0.2,0.0,0.2,0.0,0.0,0.0,0.0,1.4,3050
8250205.07,8250205.07,94.0,1.3,0.1,0.2,0.0,0.3,0.0,0.4,0.0,0.0,0.1,0.1,3.5,6055
8250205.08,8250205.08,95.5,0.7,0.2,0.0,0.2,0.4,0.0,0.3,0.0,0.1,0.2,0.0,2.4,4885
8250205.09,8250205.09,93.8,0.9,0.0,0.3,0.0,0.7,0.0,0.9,0.0,0.0,0.2,0.0,3.2,6990
8250206.02,8250206.02,96.2,0.6,0.0,0.2,0.0,0.2,0.2,0.8,0.0,0.0,0.0,0.3,1.5,3130
8250206.05,8250206.05,91.7,0.4,0.0,0.3,0.2,1.0,0.2,1.8,0.0,0.0,0.1,0.1,4.2,7690
8250206.06,8250206.06,85.6,1.1,0.1,2.3,0.1,1.3,0.3,0.8,0.0,0.1,0.1,0.9,7.3,7080
8250206.07,8250206.07,89.5,0.8,0.0,0.8,0.1,1.1,0.2,2.3,0.0,0.1,0.1,0.4,4.6,7130
8250206.08,8250206.08,90.6,0.7,0.2,1.0,0.2,1.1,0.1,0.6,0.0,0.1,0.3,0.3,4.8,9300
8250206.09,8250206.09,81.3,0.9,0.4,2.9,0.4,2.0,0.3,1.4,0.0,0.1,0.1,0.9,9.3,8420
8250206.10,8250206.10,93.7,0.8,0.1,0.3,0.1,1.0,0.1,0.7,0.0,0.1,0.1,0.3,2.7,7155
8250206.11,8250206.11,91.6,0.9,0.2,1.0,0.0,0.8,0.0,0.9,0.0,0.0,0.0,0.2,4.4,6400
8250207.01,8250207.01,97.1,0.4,0.0,0.1,0.0,0.4,0.0,0.3,0.0,0.0,0.0,0.0,1.7,4535
8250207.03,8250207.03,91.9,0.5,0.0,1.1,0.1,0.7,0.2,1.1,0.0,0.2,0.1,0.1,4.0,6580
8250207.04,8250207.04,87.5,1.8,0.1,2.8,0.1,0.7,0.2,0.8,0.0,0.2,0.3,0.2,5.3,5815
9300001.00,9300001.00,95.5,0.1,0.1,0.4,0.1,0.5,0.2,0.0,0.0,0.2,0.0,0.0,2.9,4095
9300002.02,9300002.02,94.6,0.1,0.0,1.1,0.3,0.3,0.0,0.3,0.0,0.5,0.0,0.0,2.8,3695
9300003.00,9300003.00,92.7,0.3,0.0,0.8,0.3,0.3,0.0,0.3,0.0,1.0,0.0,0.0,4.3,1980
9300004.00,9300004.00,94.3,0.6,0.3,0.6,0.0,0.6,0.0,0.3,0.0,0.3,0.0,0.0,3.0,1765
9300005.00,9300005.00,95.1,0.4,0.1,0.1,0.1,0.4,0.0,0.3,0.0,0.0,0.0,0.0,3.5,3445
9300006.00,9300006.00,92.6,0.2,0.2,0.6,0.0,0.6,0.0,0.6,0.0,0.6,0.2,0.0,4.4,2570
9300007.00,9300007.00,93.6,0.2,0.2,0.9,0.1,0.6,0.0,0.3,0.0,0.4,0.0,0.1,3.6,4820
9300008.00,9300008.00,91.7,0.2,0.2,1.4,0.1,0.6,0.0,0.6,0.0,0.8,0.0,0.3,4.1,4505
9300009.00,9300009.00,98.0,0.0,0.0,0.0,0.0,0.0,0.0,0.0,0.0,0.0,0.0,0.0,2.0,510
9300010.00,9300010.00,86.7,0.4,0.6,1.8,0.0,0.6,0.0,1.4,0.0,0.6,0.2,0.4,7.3,2520
9300011.01,9300011.01,100.0,0.0,0.0,0.0,0.0,0.0,0.0,0.0,0.0,0.0,0.0,0.0,0.0,295
9300011.02,9300011.02,90.5,0.3,0.3,1.3,0.1,0.4,0.8,0.9,0.0,0.9,0.1,0.0,4.4,3965
9300012.01,9300012.01,100.0,0.0,0.0,0.0,0.0,0.0,0.0,0.0,0.0,0.0,0.0,0.0,0.0,245
9300012.03,9300012.03,100.0,0.0,0.0,0.0,0.0,0.0,0.0,0.0,0.0,0.0,0.0,0.0,0.0,90
9300012.04,9300012.04,100.0,0.0,0.0,0.0,0.0,0.0,0.0,0.0,0.0,0.0,0.0,0.0,0.0,45
9300012.05,9300012.05,96.9,0.0,0.0,0.0,0.0,0.0,0.0,0.0,0.0,0.0,0.0,0.0,3.1,160
9300012.07,9300012.07,95.2,0.0,0.0,0.0,0.0,0.0,0.0,0.0,0.0,0.0,0.0,0.0,4.8,105
9300013.00,9300013.00,92.5,0.3,0.8,0.8,0.3,0.6,0.0,0.0,0.0,0.3,0.3,0.0,4.1,1805
9300014.00,9300014.00,94.9,0.2,0.5,1.8,0.2,0.2,0.0,0.2,0.0,0.7,0.0,0.0,1.3,3030
9300015.00,9300015.00,95.9,0.0,0.4,0.9,0.1,0.0,0.0,0.0,0.0,0.4,0.0,0.0,2.3,3765
9300016.02,9300016.02,93.1,0.3,0.3,0.9,0.2,0.3,0.1,0.1,0.0,0.4,0.1,0.0,4.2,4610
